
10903
10922
13740
13746
13869
13946
13948
13957
13962
13704
13710
13679
13773
13809
13788
13817
13769
13931
13923
13662
13645
13661
13643
13864
13841
13824
14004
14005
14006
14006
783
781
749
913
889
886
868
867
876
981
995
922
932
939
956
1030
1040
1026
1036
1051
1056
1050
1452
1465
1438
1474
1537
1548
1691
1659
1766
1231
1267
1243
1249
1292
1412
1317
1318
1293
1312
1778
1797
1792
1104
1150
1128
1130
1120
1480
843
834
841
856
865
811
825
826
765
786
803
805
796
1982
1950
2142
2130
2356
1895
2061
2017
2093
2225
2464
2567
2605
2606
3425
3425
3466
5666
5700
3480
5521
5559
5536
5567
5570
5571
5602
5599
5604
5653
5613
5642
4777
4862
5127
5125
5386
5763
5929
5787
5910
6093
6110
6096
6075
6416
6630
6628
6634
6656
5984
5790
5831
5876
6178
6179
6139
6351
5842
5792
5801
5817
6118
6128
6130
5796
6040
6223
6212
6591
6598
6586
6560
6573
6683
6660
6664
6687
3432
2973
2826
3525
3543
3546
3733
4441
3846
4146
4419
4689
4472
4484
4617
4768
4748
4700
6799
6789
6961
6976
6959
7939
7951
7956
7499
7629
6949
6951
6920
6905
7122
7135
7104
7112
4943
4944
4922
5146
5150
5352
5353
5329
4886
4904
4917
5212
5216
5253
5264
5239
6846
6850
6797
7070
7051
7075
7093
7086
7277
7280
7245
7253
7220
6887
7020
7037
7183
7168
7172
7153
7297
7301
7313
7294
8111
8131
8227
8196
8271
8254
8264
20
16
17
7
24
36
43
34
38
32
37
56
57
58
72
83
79
61
97
104
91
95
85
118
121
126
110
122
200
204
115
216
233
214
213
232
205
217
207
212
238
257
251
245
241
276
41
284
286
296
72
49
79
80
64
65
77
43
114
90
97
117
112
120
121
140
132
118
135
167
142
155
154
193
189
191
196
200
204
188
201
213
220
211
228
137
140
147
148
150
152
153
160
164
165
166
177
179
180
188
191
192
196
276
241
230
240
283
295
305
286
285
300
680
732
717
736
388
323
361
372
373
384
321
335
347
326
310
351
398
397
393
386
464
475
472
476
588
613
579
614
604
507
513
496
522
550
570
551
564
552
555
412
406
407
402
415
416
480
484
625
646
624
618
645
632
619
621
595
650
651
659
671
703
700
692
702
439
443
539
546
528
540
537
11300
11661
11640
11632
11688
11260
11263
11323
11305
11506
11612
11607
11628
11606
11625
12087
12089
12077
8694
8726
8733
9105
8496
8883
8881
8898
8390
8366
8363
8831
8823
9159
9152
9200
11281
11592
11722
11747
11811
11901
11940
11955
11994
12032
11998
11996
12062
12061
12049
10967
11056
11044
11033
11036
11046
10841
10833
10834
10829
11157
11158
11161
11141
12129
12130
12133
12162
12170
12199
12201
12216
12244
12249
12204
12257
12239
12261
12282
12268
12269
12272
12321
12303
12355
659
14247
14850
14224
14165
14214
14626
14666
14641
15942
16011
16025
16020
15857
15891
15976
15998
15981
15983
15979
15986
16040
16076
16081
16084
14062
14060
14156
14490
14496
14500
14866
14868
15303
15452
15447
15436
15269
15382
15378
16104
16128
16133
16135
20029
20005
20014
18759
18778
18783
18766
19229
19247
20132
20169
20825
20853
20835
20935
21194
21216
20813
20761
20765
20754
20788
20589
17648
17759
17829
17882
17848
17877
17179
17448
17439
16928
17026
17207
17210
17611
17608
17638
17613
17641
17130
17155
17146
17586
17592
17574
17952
18693
18694
18849
18850
18834
18852
18840
18836
18820
19037
19022
19112
19096
18821
18786
18803
18802
18808
19189
19187
18739
18747
18705
18744
19178
19426
18449
19093
19083
19067
15534
15790
14252
14397
14506
14543
14529
14777
14974
15366
15369
15357
15709
15716
15714
15821
21303
21588
21776
21790
21773
21791
21795
21979
21983
21952
21962
21498
21646
21683
21861
21824
21862
22006
22039
22010
21720
21906
21905
21920
21270
21395
21603
21604
21633
21611
21618
21601
21896
21885
21883
21895
21887
22081
22059
22068
22056
21522
21822
21801
22091
22097
22088
14205
14312
14371
14362
14322
15185
14127
14471
14620
14606
14607
14599
14966
14123
14105
14114
14210
14169
14674
14898
15168
15204
15205
15210
20180
20211
20430
19925
20041
20043
20053
20037
20307
20661
20688
16180
16138
16198
16142
16228
16214
16235
16256
16283
16286
16295
16476
16473
16454
16463
16586
16574
16578
16565
16555
16591
17352
17658
16152
16173
16165
16141
16154
16156
16093
16275
16274
16268
16260
16270
16264
16262
16323
16341
16322
16332
16338
16318
16531
16620
16631
16595
16671
16679
16701
16713
16687
16698
16716
16718
16727
16733
16737
16776
16731
16760
16756
16746
16783
16809
16788
16842
16829
16926
16879
17030
17040
17050
17065
17067
17357
17381
17358
17097
17094
17435
17412
17416
17408
17433
17907
17894
17962
17976
18136
18072
18063
18191
22160
22168
22193
22466
22473
22455
22470
22152
22134
22149
22200
22268
22413
22481
22510
23122
24103
24128
24056
24655
24321
24320
24776
24772
24122
24135
24136
24154
24303
24406
24395
24362
22183
22313
22287
22559
22565
22547
22586
22538
22658
22666
22675
22646
23562
23592
23597
23522
23773
22330
22326
22328
22356
22364
22346
22591
23080
23153
23150
23498
23464
23988
23959
23991
24023
24033
24007
23999
23197
23306
23857
24471
24257
24236
24251
25331
25317
25513
25494
24983
25363
25848
26483
26466
26486
26497
26490
26868
26883
26846
26855
25898
26822
26824
26827
26831
26844
26812
25640
25730
25681
25675
26031
26034
26346
26351
26353
26338
26744
26763
26777
26781
26801
26160
26162
26165
26137
26122
26138
26727
26736
26706
26710
25916
26378
26386
26668
26674
26671
25713
25634
25637
25801
25779
25781
26212
26236
26550
26511
26546
26887
26909
26118
26431
26417
26422
26425
26618
26633
26650
26646
25857
26013
26020
26024
26314
26330
26555
26581
26587
26590
26563
24879
25623
25554
26175
26186
26207
26178
26167
26928
27012
27018
27023
26943
27208
27212
27217
27194
27562
27273
27262
27299
27296
27302
27290
27831
27816
27824
27112
27414
27395
27366
27387
27397
27870
27841
27846
27836
27164
27249
27222
27229
27242
27250
27683
27680
27690
27072
27185
26941
27166
27176
27638
27644
27651
27646
27660
27541
27505
27529
27746
27765
27310
27340
27493
27495
27502
27481
27429
27441
27463
27006
26971
27048
26918
28269
28352
28529
27985
28215
28235
28298
28762
27956
27929
28070
28036
28721
28340
28308
28315
28654
28665
28662
28422
28450
28418
27923
27884
28020
28024
28680
28684
28692
27887
27951
27896
27980
28626
27943
28155
28125
28159
28589
27991
28076
28475
28810
28812
28926
28818
28839
28869
28799
28827
28896
28982
28999
28892
28970
28956
37
87
28908
28908
29075
104
160
199
1197
2376
1523
1555
1543
2095
1440
2066
2410
1620
1862
1856
1878
1897
1346
1635
2175
2152
1763
1798
2214
2182
1310
1836
1838
1846
2242
2248
2587
2570
2798
3090
3090
2852
3272
2603
4711
4703
4696
4756
4713
4739
4734
4781
4838
1456
1486
2020
1995
1997
2472
2485
2481
3624
3637
4934
4882
4889
4911
4874
5023
5000
5004
5037
5136
5128
5149
5151
5260
5289
5261
5273
5292
5310
5452
5446
5437
5515
5496
5086
5062
5203
5228
5226
5247
5223
5241
5385
5388
5555
5556
5573
5566
5524
5539
5532
5538
3559
3907
3496
3454
3522
3466
4435
4439
4504
4502
4510
4482
4491
4650
5577
5600
5663
5610
5615
5690
5691
5676
5679
5671
5715
5713
5736
5742
5771
5777
5783
5752
5748
5775
5813
5786
5800
5794
446
438
434
449
431
429
375
338
346
354
342
376
358
340
341
383
387
380
382
385
391
456
461
459
457
460
455
505
519
620
609
623
612
603
605
639
640
633
638
634
661
657
673
667
500
483
490
479
487
491
494
6259
6227
6246
6585
6567
6568
6562
6940
6933
7087
7090
7105
7102
5836
5837
5850
5851
6142
6143
6685
6679
6689
7195
7232
7203
5932
6058
6505
6911
6892
6901
7318
6303
6279
6740
7248
7242
6214
6160
6188
6169
6373
6420
6413
6377
6677
6672
6666
7032
7021
7063
5968
5963
5987
6771
6994
7009
6980
6971
6997
6984
5869
5844
6317
6333
6344
6816
6818
6793
6784
5871
5906
5930
6367
6369
6350
6362
6827
6862
6875
9188
9307
9169
9266
9237
9221
9239
9325
9336
8606
8706
8699
8703
8859
8998
9014
9398
7523
7649
8127
7420
7690
7534
7583
7576
8426
8440
8502
8560
7377
7390
7759
7785
8195
6036
5889
6011
6626
6601
6619
6610
6635
6612
7148
7171
7117
7396
7419
7948
7925
8345
8589
8654
8843
9041
8715
8739
8946
8983
8977
9117
12555
12606
12559
12621
12653
12655
12671
12634
12652
12716
12735
12736
12720
12739
12692
12713
12690
12691
12121
12115
12108
12315
12329
12299
12317
12455
12458
12465
12474
12454
12754
12763
12744
12786
12842
12872
12206
12240
12227
12213
12373
12380
12397
12376
12146
12123
12167
12171
12177
12352
12353
12333
12337
12339
12411
12518
12509
12494
12916
12902
12864
12959
12999
12978
13012
13019
13030
13008
13031
13037
13083
13077
43
200
249
226
244
246
253
255
240
250
231
258
270
259
261
271
264
265
285
57
289
288
56
10
11
6
19
199
199
196
195
190
176
179
166
185
152
197
159
163
219
206
214
203
318
306
301
308
232
236
239
297
290
299
124
129
130
133
136
138
139
141
143
145
150
151
154
155
156
157
173
176
186
189
193
1042
1057
724
729
708
714
674
739
716
722
728
737
740
773
754
744
845
866
849
855
869
923
900
915
917
911
1021
1011
978
1008
991
1012
1031
1016
1034
1053
778
785
788
791
789
1099
844
836
830
1207
7859
8258
8261
8255
8150
10199
10302
10303
10288
10383
10441
10449
10731
10744
10731
10792
10764
10798
10799
10798
10797
10813
10819
10820
10795
9838
9861
9423
9463
9785
14084
11446
11421
11433
11447
11394
11448
11459
11656
11644
11638
11716
11683
11769
11799
11809
11817
11842
11869
11847
11841
10910
10888
10903
11081
11083
11094
11096
11234
11214
11249
10948
10899
10968
10942
11147
11156
11176
11276
11252
11258
11284
11296
11307
11298
11608
11621
11600
11609
11631
11605
11903
11923
12000
11990
12001
10824
10833
10841
10882
10843
10972
11135
11113
11026
11042
11192
11195
11211
11340
11383
11342
12107
12082
12083
12085
87
53
53
50
35
70
26
29
103
108
94
73
33
89
112
209
113
109
219
202
134
141
138
124
136
129
139
131
70
88
69
66
61
92
54
68
82
111
103
103
97
109
93
101
113
104
99
95
149
149
164
143
463
474
469
465
466
471
573
581
576
580
592
593
404
360
414
424
523
516
503
525
508
529
536
561
557
556
566
611
877
875
895
872
874
791
815
794
792
814
802
807
976
13239
13367
13368
13401
13345
13361
13414
13371
13818
13821
13863
13837
13823
13521
13511
13537
13784
13723
13805
13321
13442
13430
13433
13418
13902
13906
14049
14054
14080
14067
14041
13180
13123
13118
13602
13264
13236
13213
13282
13249
13694
13699
13317
13638
13652
13616
13627
13940
13955
13954
16314
16314
16315
16512
16295
16448
16711
16704
16708
16709
16696
16667
16985
16527
16558
16516
16725
16745
16717
16712
16722
16856
17018
17037
17021
17017
16296
16359
16399
16330
16317
16345
16298
16246
16318
16658
16618
16656
16643
16664
16816
16785
16798
16792
16841
17005
16995
18415
18579
18749
18768
18793
18777
18588
18634
18874
18869
18912
18871
18893
18895
18970
25988
26017
26072
26243
26204
26227
26349
26355
26367
26402
26414
25958
25974
26134
26119
26125
26112
26255
26269
26249
26278
26270
26434
26424
26426
26438
26420
25354
25377
25345
25334
25339
25400
25426
25620
25583
25654
25100
26474
26448
26465
26456
26462
26469
26452
26489
26549
26584
26571
26577
26589
26568
26704
26657
26677
26692
26713
24665
24656
25091
25933
26196
26168
26191
26344
26294
26300
26297
26615
26608
26612
26723
26715
26720
17149
17106
17477
17469
17442
17438
17459
17189
17361
17368
17375
17376
17379
17389
17520
17499
17506
22487
22503
22252
22256
22140
22121
22243
22654
23108
22174
22142
22131
22533
22555
22553
22558
20320
20361
20345
20437
20447
22451
22471
22482
22483
22459
22462
22452
23257
20316
20261
20397
20374
20505
22430
22429
22445
22425
22649
22619
22623
22628
22641
22800
23169
23183
23147
22401
22369
22392
22372
22749
22318
22307
22362
22563
22572
22585
22593
22575
23013
23002
24037
24167
24178
24180
24412
22302
22266
22854
23313
23290
24094
24344
24069
24084
24081
24104
24080
24082
24382
24372
23723
23724
23736
23898
23937
24106
24137
24153
24451
23972
23994
24016
24001
24028
14225
14110
14932
15352
13190
13230
13330
13343
13993
14011
14003
13996
13998
13977
14030
14147
14118
14610
14614
14632
14630
14627
15230
15212
15228
15331
14895
14919
14906
14909
14872
14309
14503
14492
14994
14975
14319
14677
14856
15040
15046
15017
15009
14233
14109
14719
14191
14709
14691
15153
15163
15417
20857
21184
21746
21741
21758
22089
22099
22105
22090
21131
21098
21909
21910
21904
21899
21922
21665
21673
21685
21660
22025
21994
21995
21620
21949
21932
21942
22083
22084
22029
22036
22064
22075
20832
20850
21273
21276
21219
21499
21841
21854
21829
21845
21848
21832
20646
20707
20758
20750
21614
21975
21965
21959
21962
21955
21022
21717
21728
21710
21692
21692
20926
20950
20959
21858
21872
21878
20796
20764
20784
20772
21359
21379
21798
21817
21807
21800
23681
23682
23842
23582
23589
26944
26920
26937
26953
26954
27087
27075
27071
27097
27108
26805
26740
26794
26815
26819
26837
26803
27122
27120
27138
26749
26742
26787
26999
27002
27031
26775
26843
26862
26847
27220
27186
27156
27211
26783
26869
26912
27060
27046
27049
27267
27269
27300
27274
27508
27466
27641
27655
27643
27605
27649
27890
27891
27348
27510
27514
27670
27666
27829
27811
27819
27813
27445
27404
27464
27595
27577
27781
27794
27799
27360
27350
27372
27385
27344
27398
27396
27332
27701
27710
27757
27918
27902
27914
27912
27916
24716
24718
24714
25684
25685
25686
25691
25692
25679
25755
25787
25802
25824
25842
25826
25828
25832
24503
24883
24944
25851
25860
25875
25139
17406
17405
17576
17589
17828
17334
17355
17354
17330
17339
17861
17898
17215
17538
17768
18145
17963
18014
18158
18194
18186
18204
17923
17945
18027
18246
18221
15477
15483
15486
15929
15962
16033
16041
16050
16037
16054
15776
15764
15750
15778
16162
16168
16150
16160
16145
15484
15612
15871
15901
15882
16186
16196
16219
16197
16219
15845
15855
15859
15862
15538
15991
15986
16028
16130
16119
16122
16103
15450
15409
15461
15706
15726
15493
15833
16235
16253
17275
17293
17299
17662
17623
17624
19274
19216
19232
19207
19264
19303
19378
14022
18826
18848
18855
18825
18853
18857
19031
19051
19138
19080
19113
18273
18735
18730
18727
18746
18738
18936
19198
16240
16267
16267
16233
16256
16286
16300
16608
16569
16598
16593
16599
16751
16758
16763
16748
16772
16768
16905
16917
16920
17049
17690
17696
19543
20050
20097
20057
20046
20085
20194
20184
20191
19889
19893
20117
20108
20216
20234
20231
20248
20001
19986
20154
20158
20173
20138
20151
26771
26772
26773
26996
26989
26962
26992
26965
26957
26978
27254
27244
27966
27932
28034
27970
28232
28220
27953
27928
27920
28110
28096
28193
28201
28326
28317
28320
28294
27978
28058
28169
28162
28251
28278
28292
28272
28256
28388
28348
28437
28414
28523
28519
28512
28532
28558
28541
28576
28773
28824
28779
28807
28954
2
45
28651
28751
28755
28647
28593
28741
28758
29013
28673
29013
28705
28777
28896
28902
28927
28601
28668
156
159
107
28732
28892
29016
29102
29134
111
157
161
200
215
211
211
265
226
262
272
229
225
234
242
227
224
224
214
111
120
123
125
128
127
93
96
102
209
223
208
203
4
22
18
24
9
46
40
42
15
64
73
61
58
59
48
49
66
68
55
81
84
88
86
82
296
274
277
281
278
292
297
298
54
67
62
78
559
575
558
577
560
567
574
477
410
473
478
462
470
511
512
506
509
514
517
544
549
542
547
548
427
405
392
395
421
417
482
495
502
493
504
486
535
530
526
527
533
620
607
129
126
128
84
84
118
119
115
102
98
299
85
94
52
70
144
122
133
126
134
312
198
180
174
151
192
190
309
309
296
277
284
278
292
287
327
329
319
339
317
336
337
343
369
377
389
390
136
221
232
231
231
223
224
222
229
233
333
350
362
359
356
345
344
401
403
144
145
158
167
169
170
172
174
179
185
194
195
95
208
198
216
217
640
643
631
652
648
626
608
627
9762
10180
10281
10272
10295
10842
10825
11488
11618
11630
11633
11721
11883
11582
11577
11655
11639
11690
11835
11947
10863
10871
10868
10854
10871
10812
10978
10937
11019
11076
11088
11128
11233
10748
10741
10741
10744
10723
10768
10768
10776
10781
10776
11324
11326
10218
10211
9992
10249
10264
10224
10486
10683
12018
12020
12015
12003
12010
12057
12029
12033
12027
12086
12079
12084
12078
12150
12113
12114
12118
12186
12230
12163
12221
12266
12243
705
701
688
699
679
715
712
719
723
742
734
746
733
775
767
761
766
759
790
755
735
853
829
848
858
878
887
871
882
859
773
933
936
931
821
797
795
817
808
799
813
820
812
736
920
891
977
949
979
941
996
983
1002
992
1068
1065
1061
1054
1148
1236
1264
839
1336
1333
11418
11426
11461
11440
10888
10900
10845
10911
10895
10921
10874
10900
11041
11049
11166
12287
12564
12565
12568
12574
12530
12517
12871
13035
13075
12597
12602
12609
12802
12816
12836
12844
12805
12365
12730
12686
12710
12711
12681
12951
12952
12962
12418
12431
12443
12759
12774
12776
12757
12748
12996
12644
12645
12660
12676
12677
12905
12894
12923
13115
13084
13584
13338
13354
13301
13314
13305
13242
13284
13467
13615
13579
13631
13588
13629
13660
13636
13641
13735
13736
13721
13785
13789
13814
13828
13834
13840
13844
13853
13836
13854
13865
13935
23053
23250
23235
23015
23602
20865
20877
20888
21153
21579
21521
20792
20807
21234
21190
21653
21643
21636
21851
21838
21838
21814
23510
23678
23667
19584
19984
19974
19996
20206
20210
20597
19267
19279
19225
19890
19882
19874
19875
20415
19417
20310
20144
20137
20135
20166
20009
20021
19944
19891
20112
20373
20385
20362
19553
20225
20235
20638
20632
20737
20946
20955
21598
21762
21765
21762
22454
22461
22472
22432
22441
22438
22465
22604
22595
22601
22248
22235
22477
22478
22502
22518
22637
22634
22640
22198
22172
22219
22419
22381
22395
22416
22544
22561
22552
22526
22686
22684
22145
22131
22101
22107
22142
22267
22324
22277
22320
22566
22570
22579
22594
22716
19236
20099
20079
20076
20511
23356
23093
23206
22987
23177
20719
21355
21687
21699
21702
20769
20768
20744
21108
21486
21731
21734
20776
20842
20829
21376
21772
21771
21804
21811
21779
21784
21787
21900
21913
21919
21915
21891
21911
21972
21968
21968
21982
22090
22072
22079
21855
21887
21851
21845
21868
22000
22018
22042
22042
22036
22049
22061
22032
22139
23881
23853
23975
23776
23824
23794
23830
24041
24066
24051
24089
23933
23915
24012
24015
24099
24097
24114
23575
24263
24149
24193
24173
24116
24261
24392
24374
24378
24399
24240
24294
14132
14282
14238
14258
15194
15220
15243
15336
15258
14142
14843
14855
14837
15176
15182
15179
15363
15348
15375
15343
14088
14022
14031
14078
14084
14019
14141
14693
14715
14921
14912
14924
15396
15309
15472
14515
15149
15162
14097
14474
15038
15047
15045
14017
14311
14326
14310
15008
15006
14996
15029
15001
14356
14612
14551
14587
15090
15108
15104
15097
13952
13987
13956
13967
14750
14768
14736
14756
14766
14767
14865
14886
14881
14876
14178
14104
14654
14957
14984
14944
14962
14952
18151
18169
18449
18338
18218
18366
18864
18884
18837
18870
18873
18879
18844
18752
18724
18756
18748
18629
18636
18711
18781
18789
18807
18818
18824
18987
18975
18964
18956
19068
19102
19135
19126
19144
19118
19212
19174
2265
2387
2940
2289
2262
2217
2549
2559
2552
3580
3597
3765
3711
3870
3918
3912
1472
1902
1900
2167
1618
1637
1668
1664
1976
1985
1996
1998
1963
1471
1316
1461
1882
1844
1864
1842
2098
1497
1546
1928
1385
1347
1812
1759
2023
2054
1718
1677
2135
2222
2439
2857
3230
2338
2729
3131
3548
3564
3540
3616
3627
3629
890
745
1028
1013
1045
4278
4403
4365
4428
4426
4407
4486
4483
4480
4499
4514
4495
4555
4568
4697
4706
4796
4791
8648
8665
8650
8987
9038
9275
9273
9270
9275
9295
9295
9332
9339
9293
8782
8835
8837
8724
8738
8720
8750
8747
9200
9191
9172
9165
8692
8683
9060
6587
6713
6690
6699
6716
6714
6873
6840
6843
6858
7013
7030
7036
7026
6998
6554
6618
6615
6595
6787
6792
6795
6838
6835
6975
6938
6931
5152
5130
5109
5111
5508
5774
5815
5821
5788
6090
6091
6085
6102
6072
5167
5455
5478
5444
5449
5669
5685
5655
5632
6232
6233
6210
6185
6189
6224
6211
6225
6681
6636
6653
6659
6631
6767
6743
6766
6922
6908
7061
7058
7046
7077
8957
9218
9253
9228
9516
9493
9460
9400
9412
8136
8128
7888
8031
7074
7133
7167
7134
7156
7328
7331
7335
7327
7495
7595
7606
8228
8236
8239
5199
5220
4910
4849
4807
4867
4946
5234
5211
5199
5948
5916
5941
5937
6135
5064
5100
5072
5389
5390
5418
5709
5701
6016
5999
6007
6052
6337
6384
6318
6389
6434
6448
6454
6464
6465
6457
6478
5029
5427
5424
5857
5863
5860
5822
5866
5865
5847
5830
6282
7174
7100
7190
7323
7284
7465
7072
7107
7068
7123
7125
7526
7538
7503
7507
7265
7264
7275
7240
7243
7386
7393
7374
7550
7756
8346
8365
8379
4873
4879
4893
4993
4987
5016
5375
5341
5306
5334
5358
5328
5562
5568
5575
5582
5981
5992
4895
4930
4935
4938
4932
5269
5281
5248
5620
6306
6313
6326
6287
8301
8244
8247
8324
8326
8547
17208
17134
17227
17437
17402
17141
17115
17337
17348
17364
17278
17272
17248
17252
17466
17446
17445
17594
13164
13167
13252
13209
13566
13422
13387
13377
13420
13518
13519
13499
13508
13495
13772
13778
13737
17626
17615
17606
17664
17628
17635
17649
17693
17720
17766
17736
17492
17806
17821
17851
17895
17931
17944
17967
17968
17950
17980
17974
18056
18024
18044
18087
18115
18098
16008
16017
16003
16022
16002
16407
16443
16691
16730
16695
16707
16726
16720
17020
17016
17032
16082
16061
16085
16363
16382
16803
16774
16743
16770
16035
16023
16047
16030
16032
16034
16057
16311
16300
16301
16639
16622
16635
16637
16628
16650
15809
15835
15798
15772
16224
16237
16194
16207
16218
16221
16673
16660
16677
16685
16853
16176
16177
16144
16170
16183
16158
16158
16191
16179
16548
16544
15970
15972
15966
15974
15945
15943
15978
16280
16281
16258
16292
16595
16611
16574
16583
16817
16821
16827
16836
16816
16116
16099
16111
16094
16097
16091
16493
16460
16922
16846
16952
17009
17109
17096
24463
24818
25008
25009
24507
24566
24541
24936
24867
25514
25666
25649
25682
25702
25697
25670
24668
24660
25227
25381
25558
25643
25644
25647
25349
25342
25465
25592
25578
25579
27089
27100
27233
27236
27241
27259
27214
27263
27079
27193
27196
27202
27183
27189
27315
27349
27314
27335
25924
26258
26246
26231
26267
25853
26131
26472
26501
26478
26756
26750
26702
26722
27412
27382
27393
27400
27418
27376
27409
27365
27422
27428
27423
27438
27461
27456
27503
27525
27528
27527
27125
27130
27109
27143
27078
27135
27301
27498
27488
27491
27468
27474
27585
27588
24613
24621
24645
24903
24750
24742
25100
24580
24723
24726
24729
26768
26784
26817
26820
26814
26993
27014
26998
26995
25818
25784
25796
25804
25798
25749
25822
26074
26067
26375
26373
26370
26383
26392
26966
26961
26014
26190
26188
26455
26449
26459
26532
26530
26880
26898
26917
26875
26897
25895
26301
26673
26660
26643
26086
26124
26115
26326
26323
26312
26630
26614
26596
27015
27035
27051
28161
28224
28199
28184
28190
28202
28246
28240
28237
28273
28263
27825
27852
27857
27882
27834
27876
28027
28080
28068
28081
27657
27628
27755
27764
27753
27984
27963
27945
28286
28305
28300
27648
27661
27667
27669
27909
27910
27898
27899
27906
27893
27698
27744
27706
27726
27802
27822
27818
27807
27783
28131
28127
28130
28394
28397
28410
28408
28491
28472
28488
28381
28385
28424
28447
28440
28453
28435
28445
28504
28540
28500
28554
28562
28582
28619
28606
28585
28612
28644
28648
28709
28710
28695
28682
19
29021
29021
29158
28713
197
210
205
139
162
28728
28893
28925
28888
28747
28986
29016
28804
28954
28966
28982
28719
28724
28753
28761
28831
28837
28842
28825
32
42
77
135
28902
31
34
38
46
152
158
213
219
227
230
234
1022
1114
1669
1247
1193
1308
1261
2068
2112
1914
2094
2096
2104
2099
2102
1848
1765
2014
1999
2180
6484
6580
6893
6874
7244
7266
7271
7272
7235
7239
7249
7282
6718
7040
7017
7018
7048
7022
6853
6821
6824
6849
7177
7231
7228
7180
7458
6533
6760
6727
6978
6979
6964
6987
6974
7384
7392
6460
6513
6477
6480
6932
6955
6895
6926
6957
7300
7293
7306
7285
6785
6807
6801
6800
6773
6796
7143
7166
7131
6616
6613
6607
6600
7071
7067
7103
7084
7356
7531
8748
8758
8821
8827
8451
8558
8567
8550
8605
8700
8685
8698
8702
8636
8910
7983
8308
8914
9157
9145
9239
9257
9248
9056
9221
9224
9191
8944
8950
9174
9182
9317
7621
8241
8250
7963
7949
7928
8403
8386
8420
8417
8393
8619
7922
8072
8107
8367
8368
9344
9347
9306
9430
9435
9449
9329
9378
9362
9483
9459
9551
256
261
267
267
268
260
266
263
269
280
228
75
71
74
67
60
63
80
78
92
71
82
240
64
58
59
74
520
501
521
515
518
524
422
428
413
420
425
440
433
435
444
441
448
447
489
485
453
452
492
553
534
545
367
357
364
363
366
348
332
311
316
312
315
320
330
381
379
374
399
408
450
458
468
253
239
210
236
96
218
222
215
119
107
206
230
105
100
98
252
248
247
28
41
28
45
14
21
47
52
46
2
45
45
47
51
55
48
582
584
554
569
571
572
578
10723
10718
10039
10764
10789
10790
10792
10164
10216
10672
10148
10136
10290
10299
10285
10275
10874
10854
10882
12278
12253
12350
12332
12307
12514
12528
12534
12706
12704
12788
12815
12781
12817
12807
12590
12546
12556
12541
12544
12551
12727
12743
12731
12724
12912
12899
11627
11654
11659
11695
11679
11982
11603
11772
11784
11935
11894
12066
12068
12071
12074
12487
12470
12618
12619
12632
12592
12661
12623
12646
12818
12829
12929
10830
10848
10848
10845
10807
11034
11086
10879
10964
10970
11198
11199
11215
11240
11243
11312
11275
10868
10895
11179
11170
11189
11259
11271
11268
11011
11132
11416
11388
11398
10885
10918
10916
11029
10981
10984
11429
11436
11301
11341
11327
11498
10081
10447
10415
10754
10754
11619
11594
11590
11598
11997
12011
12012
12002
12013
12178
12194
12180
11637
11730
11713
11839
12034
12055
12025
12039
12126
12111
12124
12211
12219
12232
13094
13096
13079
13083
13187
13216
13192
13234
13352
13310
12945
12948
13109
13148
13120
13247
13362
13357
13403
13380
13002
12964
13067
13165
13170
13175
13186
13157
13304
13281
13408
13465
13429
13502
13410
13608
13610
13598
13664
13658
13656
13667
13791
13794
13812
13524
13554
13545
13670
13681
13698
13705
13696
13688
13743
13744
13745
13717
13831
13833
1321
1322
1325
1359
1158
1524
1552
1564
1545
1076
1074
1025
990
1003
1006
969
968
1023
1018
1015
1010
1044
1029
1038
1041
1047
1046
1439
1430
1455
1393
1410
1768
4947
4926
4962
4958
4996
5021
5031
5073
5097
5117
4445
4436
4802
4795
4821
4663
4840
4856
4830
4249
4451
4488
4778
4783
4767
5163
5122
5147
5121
5155
2956
2962
2732
3663
3424
3488
3613
3733
5185
5242
5243
5249
5258
5335
5331
5338
5317
5392
5404
5487
5460
5458
5550
5564
5574
5174
5278
5279
5284
5360
5363
5351
5365
5381
5542
5501
5506
5495
5607
5640
5675
5664
2311
2354
2390
2402
2838
2846
2233
3085
2647
2360
2362
2344
2783
2987
2993
2967
5703
5768
5769
5806
5772
5920
5905
5907
5912
5924
6041
6053
6038
6067
6049
6125
6133
6114
6117
6129
6138
5717
5848
5843
5864
5875
5975
5991
5961
5971
6001
6005
6004
6069
6074
6103
6076
6077
6095
6099
6182
6174
6164
4408
4690
4675
4666
4708
4715
4542
4524
4507
4540
4723
4731
4718
4728
4901
4905
4872
6199
6219
6228
6209
6217
6236
6240
6253
6329
6321
6340
6358
6354
6345
6341
6336
6414
6361
6410
6366
6422
6458
6452
6427
6449
874
925
916
909
910
3443
3838
3898
3697
3798
3873
3887
3868
299
232
1
283
290
293
298
314
289
204
310
238
173
177
130
150
153
202
205
212
210
156
235
221
227
280
281
277
217
142
307
302
293
322
131
68
87
124
104
85
94
106
83
81
86
42
60
87
123
108
107
128
127
110
140
142
146
157
161
163
168
171
171
173
175
178
181
183
187
189
99
161
145
139
727
725
718
713
695
696
693
707
734
741
738
753
748
780
764
771
646
641
644
585
615
617
600
602
589
590
591
598
599
630
642
647
635
678
656
665
675
698
831
846
842
828
832
835
813
790
776
782
821
763
801
777
884
883
888
816
870
857
864
862
950
948
945
18876
18877
18878
18842
18845
18863
18917
18792
18754
18773
18795
18762
18788
17752
17732
17672
17602
17807
17810
17817
17781
17965
17969
18171
18207
18175
18743
18745
18737
18722
17718
17903
17875
14001
14305
14297
14590
14977
14945
14961
13953
13929
13959
13904
14531
14730
14727
14752
14743
14761
14870
14835
14851
14867
15019
15022
15012
14999
16710
16769
16753
16765
16810
16689
16801
16797
17319
17309
17316
17327
17637
16634
16724
16700
17089
17490
17523
16807
16693
17387
17350
17363
17370
17373
17569
17568
16843
16987
17286
17256
17276
16819
16735
16739
16653
16669
16825
16835
16838
17223
17634
17595
17630
15697
15819
15816
15851
15852
15126
15127
15142
15385
15609
15144
15192
15686
15680
15685
14126
14217
14242
14220
13983
13984
14130
14133
14154
14425
13949
13974
14055
14073
14343
14306
14315
14318
14346
13856
14113
14009
14099
14350
14609
19039
19208
19219
19187
19200
19359
19371
19165
19169
19176
19161
19559
19581
19624
19602
19599
16009
16010
15964
16012
16125
16147
16143
16148
16149
16149
16211
16216
16216
16217
16241
16225
16230
16321
16302
16288
16326
16422
15949
15957
15954
16079
16021
16045
16018
16070
16088
16166
16201
16184
16169
16249
16250
16278
16254
16245
16283
16262
16352
16356
16470
16483
15239
15347
15345
15319
15404
15439
15425
15423
15237
15256
15475
15497
15718
15701
15704
15720
15711
15703
15700
16615
14650
14653
14817
14827
14783
14815
14878
15042
15037
15034
16489
16496
16581
16575
16573
16541
16625
16601
16606
17195
17680
17858
18004
17999
16848
16888
16908
16924
17421
17423
17003
17006
17013
17053
17085
17046
17460
17470
17482
17462
17455
27132
27358
27359
27339
27363
27361
27347
26170
26173
26187
26600
26562
26560
26583
26932
26964
26925
26934
26947
25915
26101
25894
25844
26133
26144
26553
26543
26498
26544
26975
26990
27000
26969
27003
25960
26487
26481
26482
26470
26494
26477
26485
26904
26922
26886
26921
27216
27257
27224
27223
27228
27225
27295
27283
27261
27305
27271
27153
27175
27375
27379
27416
27406
19940
20025
19992
19943
20757
20803
20393
20088
20105
20125
20537
20914
20942
20904
20903
20259
20255
20649
20869
20686
20668
20696
20963
20967
20971
20068
20061
20438
20466
20581
20816
20838
20820
24197
24521
24030
24184
24182
24157
24185
24636
24694
24746
24784
24063
24027
24088
24064
24074
24057
24024
24067
24347
24379
24381
24410
22009
21991
21995
22388
22343
22322
21643
21656
21821
21786
21814
21822
22116
22117
22146
22104
22113
21072
21281
21278
21263
21582
21594
21743
21749
21755
22181
22188
22190
22159
22156
21075
21110
21600
21630
21633
21928
21937
21939
21946
21345
21366
21713
21677
21674
22053
22032
26218
26143
26121
26195
26809
26813
26808
25864
25872
25964
25980
26010
26295
26298
26687
26711
26698
26699
26200
26201
26331
26356
26731
26732
26738
26726
26318
26320
26444
26405
26411
26443
26795
26800
26746
26804
27068
27052
27057
27062
27090
27077
28146
28147
28243
28229
28223
28210
28365
28391
28377
28384
28395
28702
28701
28683
28664
28659
28736
28766
28788
28808
28579
28571
28840
28814
25318
25319
25320
25369
24988
25032
24892
24896
24934
25261
25477
25449
28086
28152
28150
28156
28165
28362
28335
28274
28264
28258
28457
28459
28637
28658
28072
28078
28084
28281
28089
28093
28097
28103
28116
28149
28105
28114
28478
28466
18709
18673
22440
22568
22573
22523
22583
22474
22442
22435
22389
22652
19121
19258
19259
19503
21492
21495
21515
21875
22275
22261
22272
22238
22630
22613
22864
22468
22492
22511
22486
22513
22498
22910
23043
21489
21907
21927
21901
21915
21924
21886
22204
22225
21045
21716
21727
21737
22080
22074
22077
22086
22094
22102
22311
22289
22314
19876
19881
19913
19939
25046
24941
25275
18655
18640
18647
18800
18810
24316
24325
24588
24574
24120
24060
24045
24052
24111
24117
24108
24452
24654
24680
23570
25091
25704
25706
25695
25669
25694
25678
25741
25829
25811
25807
25815
25830
25540
25562
25667
25716
25707
25789
25775
25791
25764
25803
25887
25879
23460
23784
23768
23100
23228
23218
23513
23867
23874
23877
23832
23430
23405
23887
23956
23096
23157
23176
23163
23357
23801
23819
23388
23394
23370
23381
23658
23278
23567
23578
24010
23968
23985
24003
23958
24022
27447
27477
27452
27434
27725
27717
27731
27735
27759
27994
28002
28000
27993
27996
28014
26252
26265
26266
26661
26645
26659
27034
27022
27038
27027
27032
27453
27455
27635
27658
27621
27624
27637
27626
27640
27940
27946
27936
27425
27367
27370
27703
27700
27713
27987
27990
27582
27801
27767
27878
27855
27442
27433
27556
27580
27558
27521
27805
27808
27843
27839
28031
28022
28927
28904
28869
28999
28989
28989
28996
29050
29133
29159
28943
28947
28947
28967
28974
29046
29048
2
4
117
128
94
84
133
86
64
50
56
222
212
214
216
228
233
237
229
54
137
138
188
80
81
202
110
127
193
70
100
145
163
206
208
276
313
13
23
25
39
42
30
31
5
8
12
27
62
51
54
44
52
50
217
76
77
69
71
90
84
215
210
117
116
114
220
221
101
246
247
236
258
239
228
243
237
131
132
134
135
136
149
155
158
159
162
182
184
185
190
194
196
260
241
279
266
271
300
300
60
53
63
282
295
46
50
71
151
153
127
132
125
105
116
145
100
137
88
154
158
161
162
157
160
100
297
44
44
77
89
96
91
76
75
73
155
264
262
287
291
294
158
170
181
169
183
65
314
331
328
313
334
324
325
353
370
368
365
371
352
201
220
240
239
236
226
237
238
234
209
209
218
279
282
288
304
294
291
303
298
308
207
192
184
186
187
165
194
207
215
311
622
658
663
672
755
751
752
730
750
745
743
779
774
770
756
769
676
682
694
689
687
683
583
568
565
610
587
601
596
636
653
629
723
720
721
9322
8877
9071
8805
8834
8968
8992
8745
8927
8958
9024
9029
9018
9179
9185
9154
8716
8901
9092
9109
7552
8342
7695
7911
8291
8374
7557
7569
7892
7889
8186
8442
8488
8507
9207
9213
9204
9242
9260
9230
9322
9350
9342
9404
442
467
445
451
454
541
543
562
563
423
409
394
396
419
378
400
411
418
426
437
432
436
430
532
510
531
538
498
481
488
497
499
11675
11969
11956
11953
11961
12220
12235
12629
12647
12665
12668
12680
12722
12699
12697
12700
12685
12766
12737
12732
11925
12312
12279
12283
11879
11861
11865
11871
12148
12132
12143
12135
12584
12596
12582
11685
11657
11727
12108
12099
11648
11850
11805
11844
11808
12193
12187
12174
13348
13400
13516
13782
13779
13801
13783
13353
13356
13374
13447
13413
13569
13619
13637
13650
13640
13625
13635
13691
13692
13690
13684
13685
13693
13674
13676
13687
13695
13682
13709
13763
13741
13731
13728
13717
13847
15083
15137
15124
15552
15690
15225
15214
15248
15462
15512
15756
15759
15411
15398
15413
15355
15365
15616
15081
15166
15188
15585
15562
15265
15273
15314
15424
15437
15774
15768
16074
16057
16466
16640
16683
16706
16681
16714
16715
16648
16662
16645
16668
16655
16614
16626
16632
16750
16741
16729
16791
16795
16811
16793
16796
16799
16831
16813
16824
16895
16864
16997
17007
17011
16998
17042
16139
16151
16155
16146
16163
16171
16532
16524
16535
16551
16538
15825
16006
16043
16024
16028
16054
16209
16231
16242
16187
16257
16181
16175
16501
16486
15987
15969
15959
15961
15982
16265
16261
16273
16277
16290
16293
16279
16389
16385
16396
16603
16629
16596
885
892
903
896
912
893
898
904
921
879
881
928
937
924
926
942
946
951
973
974
982
994
997
1000
980
1014
1017
1039
822
798
824
804
784
787
864
858
863
861
854
804
835
847
840
1240
1195
1511
1496
1495
2174
2196
1072
1043
1052
1062
1058
1060
1059
1086
1191
1122
1572
1140
1355
1332
1209
1210
1405
1378
1392
1055
1323
1324
1459
1460
1464
1418
1859
1860
1855
1867
1834
2300
2364
2412
3708
3801
3882
3885
1671
2123
3437
3499
3600
3632
3757
3528
3520
3520
3688
3837
3904
1186
2261
2254
2228
2210
2433
2488
2492
2829
2833
2836
2563
5432
5408
5481
5453
5468
5548
5545
5500
5553
5572
5569
5583
5576
5605
5623
5637
4827
4883
4885
4847
4897
4991
4973
5020
5124
5123
5119
5129
5158
5345
5342
5665
5687
4530
4559
4667
4656
4652
4681
4516
4497
4413
4682
4694
4702
4736
4839
4806
4833
4952
4941
4966
5091
5110
5102
5290
5293
5288
4775
4900
4933
4920
4929
5055
5161
5184
5160
5231
5250
5214
5369
5359
5394
2303
2408
3272
5710
5702
5705
5819
5793
5823
5802
5824
5791
5817
5907
5884
5886
5902
5980
6015
5977
5983
5953
5754
5751
5694
5761
5770
5764
5757
5760
5845
5873
5881
5862
5853
5915
5949
5921
6034
6030
6063
6088
6109
6112
6080
6812
6817
7338
7314
7321
7341
6669
6632
7108
7089
7119
7097
7078
7081
7106
6663
6674
6670
7127
7128
7136
7146
7150
7124
7439
7456
6472
6390
6347
6357
6475
6983
6973
7007
6463
6403
6409
6539
6946
6943
6953
6928
6924
7389
7387
7410
6697
6730
6855
6912
6852
7238
7241
7221
7214
7224
7210
7187
6557
6561
6569
7164
7179
7182
7175
6605
6597
6620
7064
7043
7053
7056
7033
6397
6362
6330
6387
6370
6338
6790
6791
6761
7262
7279
7246
7252
7278
6121
6149
6092
6120
6136
6156
6181
6157
6177
6150
6196
6208
6190
6186
6276
6257
6239
6271
6268
6310
6309
6294
6314
6292
8561
8252
8219
7520
7631
7937
7518
7524
7571
7598
7829
7828
8162
8621
10284
10293
10260
10612
10718
10748
9529
9570
9575
10200
10352
10316
10756
10781
10139
10184
10829
10819
10867
10119
10069
10014
10032
10245
10896
11038
10911
10986
10990
11160
10837
10863
10885
10975
10958
10961
11079
11091
11186
11217
11227
11221
11208
11218
11253
11237
11237
11255
11266
11287
11309
11272
11406
11404
11435
11414
11420
11438
11431
11422
11427
11442
10368
10813
10809
10807
10787
10816
10803
11568
11599
14527
14716
14737
14722
14771
14751
14814
14833
14900
14927
14576
14803
14795
11693
11741
11777
12064
12053
12059
12093
12367
12325
12362
12338
12343
12340
12327
12320
11636
11634
11610
11604
11687
12023
12787
12769
12775
12784
12857
12879
12868
12484
12478
12469
12522
12502
12511
12542
12525
12570
12545
12581
12560
12563
12909
12928
12931
12906
12897
13969
13850
13982
14008
13990
13994
14010
14167
14419
14416
14427
13919
14117
13958
14300
14302
14484
13849
13999
14000
14120
14135
14151
14323
14314
14316
14320
13966
14033
14040
14051
14036
14239
14213
14223
14073
12970
12976
13130
13097
13244
13275
12972
13065
13073
13046
13183
13184
13172
13141
13178
13166
12944
13006
13020
13027
13201
13241
13333
13302
13307
14990
14987
14992
14998
15027
15062
17358
17367
17742
17706
17912
17909
17937
17934
17914
17473
17456
17436
17455
17671
18157
15904
15838
15884
15843
16101
16102
16107
16109
16114
16090
16308
16309
16367
16316
16560
16560
16588
16578
16586
16762
16775
16764
16779
18635
18838
18812
18797
18832
18841
18814
18732
18526
18538
18776
18742
18764
18771
18740
18758
18882
18891
18894
18661
18854
18858
18860
18865
18866
18868
19278
19244
19010
19123
19214
19217
19170
19289
19060
19132
17059
17062
17054
17072
17076
17080
17136
17078
17128
17082
17540
17977
17971
17954
17972
17430
17414
17399
17629
17619
17616
17183
17185
17281
17285
17494
17584
17849
18387
18363
22681
22690
22323
22335
22339
22345
22317
22475
22476
22463
22469
22443
22458
23031
23586
23607
23575
23767
23781
23303
23322
23467
23474
23478
23457
23550
23763
23751
23798
19781
20161
20176
20198
20201
20443
19934
20128
20141
20121
20483
20081
20093
20101
20090
20573
20332
20577
20603
19868
19883
20245
20230
20228
20237
20220
20399
20440
20006
20003
20263
20034
20367
20375
20381
20390
20892
21158
21173
21155
21156
21484
21705
21716
21725
21990
22010
22014
22003
21999
20690
21373
21363
21404
21819
21805
20861
20846
20871
21220
21221
21545
21541
21894
21866
21875
21872
21113
21286
21559
21833
21862
21858
21832
21835
21068
21457
21436
21695
21666
21698
21988
21971
21975
21959
20716
20692
20799
21337
21609
21585
21591
21916
21917
21923
21902
21898
21942
21920
21935
20780
20985
21264
21266
21262
21254
21275
21622
21622
21625
21625
21662
21662
21660
21640
21656
21649
21787
21779
21752
23839
23846
23805
23823
24006
23977
23998
24011
23981
24206
24205
24297
24354
24356
24365
24375
23916
23930
24124
24131
24134
24401
24404
24419
23377
23393
23064
23104
23060
23046
23004
23138
23134
23115
23126
23117
23161
22021
22056
22093
22045
22349
22353
22359
22386
22953
17191
17144
17212
17231
17235
17778
17763
17780
17757
18144
18036
18045
18022
17314
18001
17991
18225
18260
18223
18192
22025
22128
22113
22528
22530
22901
22299
22279
22653
22588
22589
22581
23252
23849
24048
24036
24070
24039
24032
23962
23964
24072
24079
24109
24105
24085
24077
24268
24235
24456
24448
24453
24457
24424
24514
24643
24700
24702
24691
24666
24481
24559
24592
24593
24617
24727
24759
24720
25192
25360
26653
26629
26639
26861
26901
26895
26894
27069
27081
27055
26682
26767
26754
26757
26799
27026
26960
26611
26602
26620
26637
26958
26913
26935
26926
26940
26945
26916
26605
26609
26857
26835
26839
26826
26840
27102
27105
27116
27206
27173
27170
27203
27197
27345
27369
27352
27373
27378
27381
27155
27182
27252
27247
27265
27209
27210
27255
27407
27389
27391
27383
27403
27399
27392
27207
27289
27288
27268
27460
27411
27140
27325
27329
27298
27482
27467
27479
25014
24889
24918
24924
24902
25332
24875
24764
25203
25412
25455
25504
25423
25593
25840
25799
25806
25795
25838
25834
24788
25689
25672
25688
25698
25913
27673
27664
27663
27682
27742
27738
27728
27716
27597
27600
27631
27634
27762
27780
27772
27750
27926
27922
27937
27901
27931
27564
27572
27583
27695
27697
27685
27708
27711
27865
27814
27862
27981
27950
27959
27961
27948
28051
28042
28090
28120
28123
25734
25765
25754
25856
25886
25436
25626
25614
25600
25767
25776
25782
25794
25785
26027
26030
26025
25970
25941
26158
26395
26412
26435
26432
26036
26043
26109
26127
26088
26193
26222
26228
26219
26184
26342
26441
26446
26261
26285
26241
26317
26328
26333
26335
26307
26520
26529
28106
28371
28566
28527
28536
28550
28172
28134
28221
28211
28208
28231
28765
28743
28752
28368
28416
28400
28462
28463
28442
28458
28465
28100
28303
28485
28508
28514
28113
28254
28284
28597
28594
28140
28158
28102
28111
28128
28170
28153
28769
28793
28616
28605
28661
28639
28697
28694
28676
28678
28715
28823
28888
29061
28985
28890
28883
22
4
13
33
12
28849
28856
29010
28834
28943
29103
134
29176
29171
52
65
126
69
67
23
211
43
148
150
194
195
218
203
191
235
241
112
189
278
